  0.616029225562E+05  0.616029225562E+05  0.616029225562E+05  0.616029225562E+05  0.616029225562E+05  0.616029225562E+05
  0.449446893877E+04  0.439801673379E+04  0.438522064959E+04  0.437698501965E+04  0.428390408352E+04  0.426592926117E+04
  0.424587094928E+04  0.418752738416E+04  0.416906518238E+04  0.416335232474E+04  0.414776260133E+04  0.409687427100E+04
  0.406530108636E+04  0.405055445710E+04  0.403777319172E+04  0.403004522107E+04  0.402274212640E+04  0.398443521272E+04
  0.395979586889E+04  0.394838723745E+04  0.393353960551E+04  0.390932718065E+04  0.390828561928E+04  0.389394845387E+04
  0.386488449091E+04  0.384689202465E+04  0.382493550717E+04  0.380755158195E+04  0.379216282512E+04  0.378635545914E+04
  0.375950588379E+04  0.374533619859E+04  0.373281714169E+04  0.372188135602E+04  0.370865066970E+04  0.369526951718E+04
  0.368148883149E+04  0.367860210973E+04  0.365977873699E+04  0.364858351332E+04  0.363127593791E+04  0.362527274058E+04
  0.360550765726E+04  0.358786718718E+04  0.358571259798E+04  0.357163891794E+04  0.356478482483E+04  0.354919676128E+04
  0.351670365860E+04  0.350016405867E+04  0.349511519244E+04  0.348916542247E+04  0.348542406303E+04  0.347733001701E+04
  0.347260984188E+04  0.345638264879E+04  0.344461161255E+04  0.342862595695E+04  0.342127939383E+04  0.341148241102E+04
  0.340773912129E+04  0.339870644402E+04  0.338277537655E+04  0.336540347417E+04  0.335607963149E+04  0.334682396354E+04
  0.333764313570E+04  0.332709198113E+04  0.331952384893E+04  0.330968290828E+04  0.330266353588E+04  0.329235048226E+04
  0.328599478551E+04  0.327564779755E+04  0.326265293474E+04  0.324846115844E+04  0.324046431616E+04  0.322510338334E+04
  0.322255017441E+04  0.320971721957E+04  0.319326995648E+04  0.319170358454E+04  0.317965705314E+04  0.316990831059E+04
  0.316287981594E+04  0.315243415846E+04  0.314100308320E+04  0.313587673688E+04  0.312943335167E+04  0.311969929116E+04
  0.311395222259E+04  0.310373047384E+04  0.309985252898E+04  0.309952976611E+04  0.309551345336E+04  0.308346184201E+04
  0.307462343074E+04  0.306159982812E+04  0.304893688396E+04  0.304377870747E+04  0.303871012958E+04  0.303404505321E+04
  0.302215672263E+04  0.300969998831E+04  0.299662067992E+04  0.298972862558E+04  0.297766887290E+04  0.297396768638E+04
  0.296605721740E+04  0.295743260876E+04  0.294219117192E+04  0.293943442744E+04  0.293383776253E+04  0.292409958789E+04
  0.291615869820E+04  0.290964752483E+04  0.290200625508E+04  0.289853103409E+04  0.289193889828E+04  0.288297393247E+04
  0.288076696043E+04  0.287532052934E+04  0.285909320295E+04  0.285011716785E+04  0.284360178276E+04  0.283929786159E+04
  0.282627651497E+04  0.281795419903E+04  0.281033563059E+04  0.280388606838E+04  0.279774799360E+04  0.279490162678E+04
  0.279178068527E+04  0.277644494305E+04  0.277316401305E+04  0.276350984997E+04  0.275706204476E+04  0.275539973897E+04
  0.275107133980E+04  0.273569533299E+04  0.272720879924E+04  0.271859653134E+04  0.271518947652E+04  0.271173994524E+04
  0.270604086783E+04  0.269542285912E+04  0.269019601072E+04  0.268679176270E+04  0.267315572096E+04  0.266703401869E+04
  0.265892085548E+04  0.265635437630E+04  0.265004365557E+04  0.264048419512E+04  0.263115295175E+04  0.262498626030E+04
  0.261889295819E+04  0.261504481911E+04  0.260082960181E+04  0.259613689069E+04  0.258847690206E+04  0.258164868186E+04
  0.256976511232E+04  0.256834511671E+04  0.256742514230E+04  0.256420558764E+04  0.255546063441E+04  0.255001652400E+04
  0.254855978678E+04  0.253392375504E+04  0.252391303956E+04  0.251523636401E+04  0.251074664003E+04  0.250902952990E+04
  0.250484490750E+04  0.249807556217E+04  0.249040266051E+04  0.248920013171E+04  0.248239092626E+04  0.247903992557E+04
  0.247208904023E+04  0.246893969501E+04  0.246153738657E+04  0.244958175427E+04  0.244637066583E+04  0.244010288732E+04
  0.242954523560E+04  0.242105733323E+04  0.241296712345E+04  0.240681021509E+04  0.239915322823E+04  0.239248239221E+04
  0.238855018322E+04  0.238667210993E+04  0.238032332812E+04  0.237695135766E+04  0.236584786560E+04  0.236152642719E+04
  0.235923123726E+04  0.235594358772E+04  0.234387546846E+04  0.233706481914E+04  0.233227633549E+04  0.232403617236E+04
  0.231540004174E+04  0.231131809861E+04  0.230390198445E+04  0.230125203313E+04  0.229415519949E+04  0.229037688127E+04
  0.228043125978E+04  0.227801280692E+04  0.227656008930E+04  0.226957182187E+04  0.225903254929E+04  0.225609368645E+04
  0.224585180516E+04  0.223721426388E+04  0.223198293433E+04  0.223076895643E+04  0.222399099899E+04  0.221572285690E+04
  0.221314991741E+04  0.221189093274E+04  0.220639665426E+04  0.220536841568E+04  0.219428953782E+04  0.218796663593E+04
  0.218573211819E+04  0.217613000810E+04  0.217192391513E+04  0.216981726523E+04  0.216863083397E+04  0.216365360789E+04
  0.216001656645E+04  0.214822426321E+04  0.214536827339E+04  0.214501438351E+04  0.214010073292E+04  0.213073986835E+04
  0.212856192673E+04  0.212037928059E+04  0.211570750457E+04  0.211215349940E+04  0.210684486600E+04  0.210113052001E+04
  0.210027476814E+04  0.209626047694E+04  0.209104025099E+04  0.208647752282E+04  0.207755627726E+04  0.206986872099E+04
  0.206845984654E+04  0.206536945551E+04  0.205819548432E+04  0.205397591728E+04  0.205377827242E+04  0.204111160946E+04
  0.203800230561E+04  0.203349809870E+04  0.202730679602E+04  0.202531175398E+04  0.202029198973E+04  0.201196491621E+04
  0.200794805215E+04  0.200549721928E+04  0.199770145137E+04  0.199427772470E+04  0.198907509642E+04  0.198485553781E+04
  0.198203262604E+04  0.197959786688E+04  0.197579398239E+04  0.197065466479E+04  0.196892808591E+04  0.196474218705E+04
  0.195808564158E+04  0.195569834872E+04  0.195162295466E+04  0.194520214528E+04  0.194207570317E+04  0.193451100724E+04
  0.192849375427E+04  0.192577907840E+04  0.192145653258E+04  0.191413198780E+04  0.191115098234E+04  0.190624061836E+04
  0.190098802070E+04  0.189663028036E+04  0.189588040447E+04  0.189143074433E+04  0.188656784638E+04  0.188214131248E+04
  0.187798246003E+04  0.187423209191E+04  0.187139898106E+04  0.186577242136E+04  0.186206209063E+04  0.185632207484E+04
  0.185550742361E+04  0.185083844651E+04  0.184679537985E+04  0.184194206114E+04  0.183649826277E+04  0.183577894395E+04
  0.183181692003E+04  0.182665699358E+04  0.182164807057E+04  0.181782699061E+04  0.181316667692E+04  0.180919550570E+04
  0.180461546115E+04  0.180345473762E+04  0.180104359636E+04  0.179799383891E+04  0.179191297847E+04  0.179116381951E+04
  0.178764548859E+04  0.178035464681E+04  0.177766963989E+04  0.177217379591E+04  0.177042628866E+04  0.176898387470E+04
  0.176340655667E+04  0.175991974585E+04  0.175593644142E+04  0.175048259583E+04  0.174875340946E+04  0.174576300350E+04
  0.174303427455E+04  0.174124321710E+04  0.173746596970E+04  0.173211626835E+04  0.173079599501E+04  0.172446600761E+04
  0.172003043019E+04  0.171277703104E+04  0.171178416212E+04  0.170915531499E+04  0.170382624081E+04  0.169953376333E+04
  0.169764487246E+04  0.169159036270E+04  0.168954265039E+04  0.168688659116E+04  0.168444622703E+04  0.168296848582E+04
  0.167541277318E+04  0.167493699305E+04  0.167255961450E+04  0.166557363000E+04  0.166456724827E+04  0.166104821043E+04
  0.165288384921E+04  0.165111839168E+04  0.164756272026E+04  0.164489155660E+04  0.163961982270E+04  0.163732995335E+04
  0.163370903529E+04  0.162806144808E+04  0.162386885597E+04  0.162021830863E+04  0.161697261943E+04  0.161261975454E+04
  0.160974613263E+04  0.160595450496E+04  0.160236372705E+04  0.160025589065E+04  0.159767352109E+04  0.159589662566E+04
  0.158879681949E+04  0.158402840153E+04  0.158242507496E+04  0.157955266110E+04  0.157740472895E+04  0.157466930877E+04
  0.157248415888E+04  0.156925411611E+04  0.156464396015E+04  0.156144232964E+04  0.155710113726E+04  0.155595604733E+04
  0.155189956137E+04  0.155101529196E+04  0.154689688500E+04  0.153855892922E+04  0.153700302600E+04  0.153110543414E+04
  0.152932846874E+04  0.152756740039E+04  0.152242754059E+04  0.152093947559E+04  0.151930633542E+04  0.151472918611E+04
  0.151240158275E+04  0.150738937806E+04  0.150383828663E+04  0.150309661134E+04  0.150123827587E+04  0.149724658256E+04
  0.149473716627E+04  0.149359782994E+04  0.148979627801E+04  0.148631799266E+04  0.147849457764E+04  0.147643732851E+04
  0.147264930808E+04  0.147052068977E+04  0.146608873196E+04  0.146059507114E+04  0.145741127878E+04  0.145446167696E+04
  0.145223734109E+04  0.144897366121E+04  0.144683170911E+04  0.144429155296E+04  0.144051841646E+04  0.143647451221E+04
  0.143201191175E+04  0.143109702796E+04  0.142721624170E+04  0.142606428392E+04  0.142341516413E+04  0.142020242442E+04
  0.141704840900E+04  0.141333826203E+04  0.141095059004E+04  0.140878878680E+04  0.140617386669E+04  0.140419249861E+04
  0.140002079536E+04  0.139582847442E+04  0.139479911359E+04  0.138801156403E+04  0.138664457750E+04  0.138579529652E+04
  0.138066904750E+04  0.137884766001E+04  0.137353788050E+04  0.137188815173E+04  0.137089711544E+04  0.136477949106E+04
  0.136253554638E+04  0.136014178778E+04  0.135814363550E+04  0.135632951314E+04  0.135415678157E+04  0.134607075611E+04
  0.134420480091E+04  0.134088814970E+04  0.133741998953E+04  0.133643467414E+04  0.133409411477E+04  0.133236997825E+04
  0.132994502984E+04  0.132317679677E+04  0.132068126204E+04  0.131993460454E+04  0.131509314914E+04  0.131280583061E+04
  0.131055312378E+04  0.130789718443E+04  0.130429944594E+04  0.130050659652E+04  0.129784959486E+04  0.129395556009E+04
  0.129284005114E+04  0.128637884729E+04  0.128511939043E+04  0.128251871927E+04  0.127941094364E+04  0.127710102532E+04
  0.127504849165E+04  0.126988213758E+04  0.126684296928E+04  0.126386903418E+04  0.126136819605E+04  0.125896228253E+04
  0.125796925690E+04  0.125639027335E+04  0.125014339853E+04  0.124759506198E+04  0.124665179954E+04  0.124406457054E+04
  0.124233346068E+04  0.123844664606E+04  0.123694636025E+04  0.122991881606E+04  0.122786762079E+04  0.122471235238E+04
  0.122346340939E+04  0.122078426862E+04  0.121709911966E+04  0.121543663100E+04  0.120736610932E+04  0.120579120778E+04
  0.120459562494E+04  0.119998817565E+04  0.119623999158E+04  0.119391487557E+04  0.118937161933E+04  0.118856967775E+04
  0.118507846536E+04  0.118055228086E+04  0.117942588364E+04  0.117650741952E+04  0.117396009991E+04  0.117260237689E+04
  0.116890779369E+04  0.116821517468E+04  0.116651619779E+04  0.116333875025E+04  0.115909106325E+04  0.115791105103E+04
  0.115516867732E+04  0.115197224518E+04  0.114996618253E+04  0.114409466734E+04  0.114270569571E+04  0.114093815123E+04
  0.113660136609E+04  0.113594754185E+04  0.113017209739E+04  0.112837767142E+04  0.112310187183E+04  0.112090004659E+04
  0.111895096756E+04  0.111541981209E+04  0.111220735313E+04  0.111116507274E+04  0.110650042708E+04  0.110533519002E+04
  0.109791262948E+04  0.109529045925E+04  0.109489344115E+04  0.109002084840E+04  0.108542597644E+04  0.108315576703E+04
  0.108216872430E+04  0.107657182259E+04  0.107595362923E+04  0.107288681865E+04  0.107022165726E+04  0.106647863020E+04
  0.106241986451E+04  0.105884117339E+04  0.105724571725E+04  0.105188049824E+04  0.105031772603E+04  0.104961079114E+04
  0.104444007305E+04  0.104207761008E+04  0.103982994419E+04  0.103499180298E+04  0.103352899884E+04  0.103236349596E+04
  0.103061944862E+04  0.102761868448E+04  0.102356066019E+04  0.101911456216E+04  0.101143675110E+04  0.101008047180E+04
  0.100659178554E+04  0.100360228529E+04  0.100048506483E+04  0.999082021456E+03  0.995975673478E+03  0.994442741241E+03
  0.992384501835E+03  0.990769820277E+03  0.986196133853E+03  0.984354191223E+03  0.982567030560E+03  0.979117216628E+03
  0.977855992481E+03  0.974441491763E+03  0.970137218140E+03  0.968758641781E+03  0.963334502689E+03  0.958975193758E+03
  0.955759912718E+03  0.950949429742E+03  0.949778980222E+03  0.947583457986E+03  0.944962701524E+03  0.943533813648E+03
  0.939972582636E+03  0.937675195463E+03  0.936085587219E+03  0.934762446459E+03  0.929260435340E+03  0.927684991464E+03
  0.925158059029E+03  0.922907867155E+03  0.920453382357E+03  0.917007761494E+03  0.913833508889E+03  0.910994027588E+03
  0.909082494095E+03  0.904827936964E+03  0.902468243781E+03  0.900838517685E+03  0.899562339577E+03  0.894892390688E+03
  0.893095452398E+03  0.890508559380E+03  0.887947988331E+03  0.885719429491E+03  0.882541005702E+03  0.878926744657E+03
  0.876437983066E+03  0.875349597894E+03  0.873041195709E+03  0.870273454800E+03  0.866016669750E+03  0.862890902542E+03
  0.861927932693E+03  0.859665028969E+03  0.857479868216E+03  0.855999549691E+03  0.855182981529E+03  0.849560075960E+03
  0.846360177060E+03  0.844032938850E+03  0.843380340216E+03  0.841149954025E+03  0.836110589017E+03  0.833519911571E+03
  0.832247130389E+03  0.831273827826E+03  0.825511496886E+03  0.823453953667E+03  0.821262267614E+03  0.820594170360E+03
  0.817833827592E+03  0.816678465394E+03  0.812690271249E+03  0.810007277939E+03  0.806346741227E+03  0.802406062287E+03
  0.798713308331E+03  0.793841076552E+03  0.792981788360E+03  0.789676896249E+03  0.786269080216E+03  0.781520628135E+03
  0.778938526024E+03  0.777402680908E+03  0.773072319438E+03  0.767926318123E+03  0.767150329901E+03  0.766156299056E+03
  0.763054666625E+03  0.762484824006E+03  0.759228175711E+03  0.757564074118E+03  0.752125743970E+03  0.750492541838E+03
  0.745548084770E+03  0.740212415041E+03  0.739168027656E+03  0.734093533682E+03  0.731004937627E+03  0.730632523740E+03
  0.726400652545E+03  0.721526612922E+03  0.719412884498E+03  0.718799319541E+03  0.716231802883E+03  0.714396135076E+03
  0.711452449141E+03  0.709485107913E+03  0.707927652215E+03  0.705281295330E+03  0.703173969121E+03  0.699681829350E+03
  0.696597581693E+03  0.694836422998E+03  0.689019149540E+03  0.688890098711E+03  0.685302128666E+03  0.682084591620E+03
  0.680795445573E+03  0.677635483026E+03  0.676419400589E+03  0.671511531884E+03  0.669670140414E+03  0.668284321013E+03
  0.666629799179E+03  0.663026884059E+03  0.661352261293E+03  0.660960581371E+03  0.658249507932E+03  0.654614164052E+03
  0.653786357784E+03  0.652358529408E+03  0.647069988026E+03  0.645689544579E+03  0.644149376760E+03  0.642940717642E+03
  0.640996956578E+03  0.638660481291E+03  0.637572571208E+03  0.636395710346E+03  0.636255181280E+03  0.632462626937E+03
  0.631379786043E+03  0.628842709725E+03  0.624496737896E+03  0.623401970044E+03  0.621807908094E+03  0.619336550362E+03
  0.617747252938E+03  0.616708080911E+03  0.615202832393E+03  0.613062336816E+03  0.612178840354E+03  0.610792138706E+03
  0.609348528846E+03  0.606983912559E+03  0.605661344213E+03  0.603310563603E+03  0.601417303358E+03  0.599363359761E+03
  0.597997783482E+03  0.597661205748E+03  0.594971751385E+03  0.593944363930E+03  0.592897891775E+03  0.590109592961E+03
  0.588644880021E+03  0.586940693284E+03  0.586692154983E+03  0.583775431718E+03  0.582624270142E+03  0.579729025344E+03
  0.578151203302E+03  0.577501264581E+03  0.577064559727E+03  0.575813178816E+03  0.574663037263E+03  0.573011017589E+03
  0.571966684439E+03  0.571217640047E+03  0.568719747698E+03  0.567211377878E+03  0.564770539682E+03  0.563225894885E+03
  0.562363326352E+03  0.561239567902E+03  0.558155200823E+03  0.556172904534E+03  0.554716303015E+03  0.553041049475E+03
  0.551839314079E+03  0.550260857879E+03  0.550112377135E+03  0.548474023421E+03  0.546953367397E+03  0.546475774784E+03
  0.545211518187E+03  0.543230850459E+03  0.541496166726E+03  0.540491306900E+03  0.539581920131E+03  0.539387946382E+03
  0.537395281190E+03  0.536180428004E+03  0.534327132860E+03  0.533425366298E+03  0.531473455452E+03  0.530976801322E+03
  0.530108659761E+03  0.529021310673E+03  0.527814754625E+03  0.525969622290E+03  0.524940615560E+03  0.523390520762E+03
  0.522223966750E+03  0.520644936293E+03  0.520354132375E+03  0.517821239736E+03  0.516837731190E+03  0.515241077835E+03
  0.513472502242E+03  0.513027821717E+03  0.511587223336E+03  0.510889789827E+03  0.509656958009E+03  0.509348358111E+03
  0.508559293977E+03  0.506493482723E+03  0.506062173437E+03  0.505452345204E+03  0.503480405026E+03  0.502617411967E+03
  0.501479600521E+03  0.500818394423E+03  0.499263195757E+03  0.496920671801E+03  0.495488366021E+03  0.494725526213E+03
  0.492397360487E+03  0.490276743910E+03  0.489963079884E+03  0.488911561948E+03  0.488186551968E+03  0.487195674640E+03
  0.485337098292E+03  0.485107097970E+03  0.482951829148E+03  0.481923375856E+03  0.480839379568E+03  0.480498790214E+03
  0.479785426412E+03  0.479248714086E+03  0.477926291311E+03  0.476813230412E+03  0.475745394295E+03  0.474293953499E+03
  0.473232787260E+03  0.472136811532E+03  0.471688419406E+03  0.470526924037E+03  0.469194427184E+03  0.468903176496E+03
  0.468075118857E+03  0.466389395162E+03  0.465835310526E+03  0.463085367255E+03  0.462581960689E+03  0.461184474712E+03
  0.460663469813E+03  0.459969743023E+03  0.458726230095E+03  0.457658693778E+03  0.455765236614E+03  0.454831777547E+03
  0.454564510049E+03  0.453969728814E+03  0.452990434676E+03  0.452072087753E+03  0.451310749737E+03  0.448414189720E+03
  0.447959033253E+03  0.447045786402E+03  0.446213179298E+03  0.445321908313E+03  0.443925051941E+03  0.443238054773E+03
  0.441781165451E+03  0.440753656994E+03  0.439733580367E+03  0.439308245372E+03  0.437620785803E+03  0.437453165947E+03
  0.436269826470E+03  0.435440038964E+03  0.434539691045E+03  0.434070435707E+03  0.432561210853E+03  0.430589689838E+03
  0.430252204866E+03  0.429390385826E+03  0.427790219035E+03  0.427497660519E+03  0.426120626448E+03  0.425578793546E+03
  0.423442905504E+03  0.423305701421E+03  0.420752119340E+03  0.420305949024E+03  0.419593443628E+03  0.418903933405E+03
  0.418831923150E+03  0.417223275616E+03  0.416682138789E+03  0.414824327940E+03  0.414051258154E+03  0.413397248814E+03
  0.412930519415E+03  0.412041378905E+03  0.410808245292E+03  0.410177906400E+03  0.409098772246E+03  0.408412556133E+03
  0.407450081032E+03  0.407223140615E+03  0.406022423320E+03  0.405567772609E+03  0.404220610312E+03  0.403162694434E+03
  0.402095962466E+03  0.401214893608E+03  0.400606499008E+03  0.399723586843E+03  0.398556381693E+03  0.397553695349E+03
  0.396650677887E+03  0.395819869427E+03  0.394078750856E+03  0.392880577959E+03  0.392574658624E+03  0.392208564181E+03
  0.390620693728E+03  0.390093475708E+03  0.389661592437E+03  0.387631648873E+03  0.387206316526E+03  0.386513474334E+03
  0.385662291676E+03  0.384933777534E+03  0.383842514786E+03  0.383472459007E+03  0.382738473574E+03  0.381423087182E+03
  0.380649012037E+03  0.379097806243E+03  0.378758712770E+03  0.378613421798E+03  0.377858653164E+03  0.376253227336E+03
  0.375988845567E+03  0.375038638592E+03  0.374660318697E+03  0.373001689867E+03  0.371879515872E+03  0.371131607203E+03
  0.370257868012E+03  0.369919325280E+03  0.369560164320E+03  0.367049646245E+03  0.366719848852E+03  0.364636676433E+03
  0.364330701161E+03  0.363925726625E+03  0.363022858597E+03  0.361584201059E+03  0.361481242026E+03  0.359767949676E+03
  0.359097275655E+03  0.358866137758E+03  0.358534107361E+03  0.357836548716E+03  0.356320364382E+03  0.354847727930E+03
  0.354353813812E+03  0.353761200512E+03  0.352790938229E+03  0.352678844587E+03  0.351516633859E+03  0.351454601734E+03
  0.350393032096E+03  0.350214152422E+03  0.349043167750E+03  0.348393527349E+03  0.347461333411E+03  0.346845297766E+03
  0.345662966822E+03  0.344810090582E+03  0.344181266954E+03  0.342887185595E+03  0.342012755117E+03  0.341207991888E+03
  0.340596772521E+03  0.339721449280E+03  0.339474209503E+03  0.338635250186E+03  0.338151643578E+03  0.337298751178E+03
  0.336701106416E+03  0.335548286820E+03  0.334790938119E+03  0.334494277579E+03  0.333196951262E+03  0.332768103729E+03
  0.331682618386E+03  0.331224026852E+03  0.330719405818E+03  0.329576378498E+03  0.328860051681E+03  0.327969614444E+03
  0.327399534537E+03  0.326372336466E+03  0.325155407294E+03  0.325004961540E+03  0.324632771258E+03  0.323713444190E+03
  0.322691887846E+03  0.321786489795E+03  0.321107942671E+03  0.320207622235E+03  0.319804012863E+03  0.319526710739E+03
  0.318623231654E+03  0.318310649805E+03  0.317138887852E+03  0.316750741628E+03  0.315991909254E+03  0.315313992126E+03
  0.314094466215E+03  0.313086781695E+03  0.312827137148E+03  0.312339622327E+03  0.311932354814E+03  0.310961441103E+03
  0.309722192755E+03  0.309094476368E+03  0.308352408327E+03  0.307937224386E+03  0.307684881456E+03  0.307052116168E+03
  0.306789403320E+03  0.304345209065E+03  0.303828613953E+03  0.303013859736E+03  0.302838482745E+03  0.302061171609E+03
  0.301465103996E+03  0.300527563596E+03  0.299937535816E+03  0.298804294278E+03  0.298159271063E+03  0.297570416530E+03
  0.296925395499E+03  0.296331467006E+03  0.295313572790E+03  0.294751700328E+03  0.294619355961E+03  0.294083299807E+03
  0.292984314419E+03  0.292570526481E+03  0.292063690953E+03  0.291249792557E+03  0.290808471421E+03  0.290418056576E+03
  0.289518853694E+03  0.289268137719E+03  0.287260723998E+03  0.286973525483E+03  0.286430410333E+03  0.286309433698E+03
  0.285660440649E+03  0.284714511869E+03  0.283501009560E+03  0.283208420859E+03  0.282329583802E+03  0.281869755743E+03
  0.281650093845E+03  0.280117765978E+03  0.279505385150E+03  0.279120442163E+03  0.278320906889E+03  0.277855284935E+03
  0.276941314565E+03  0.276638439939E+03  0.275530159641E+03  0.275383614904E+03  0.274321213027E+03  0.273617008754E+03
  0.272908708848E+03  0.272559363897E+03  0.271360983705E+03  0.270578926716E+03  0.269621264097E+03  0.269130062216E+03
  0.268565799455E+03  0.267761818802E+03  0.267365743375E+03  0.265958581589E+03  0.265637045624E+03  0.265394390443E+03
  0.264166420541E+03  0.263181320314E+03  0.262385414391E+03  0.262029942916E+03  0.261870537875E+03  0.261353117361E+03
  0.260086281098E+03  0.259027094441E+03  0.258542002320E+03  0.257987250714E+03  0.256801069392E+03  0.256434790455E+03
  0.256050960679E+03  0.254921245039E+03  0.253802848921E+03  0.253450932663E+03  0.252155224992E+03  0.252030140849E+03
  0.251575501676E+03  0.250621867969E+03  0.249966926314E+03  0.249267674601E+03  0.248031997333E+03  0.247622870618E+03
  0.246198539138E+03  0.245043578580E+03  0.244975732707E+03  0.243819662521E+03  0.243592689031E+03  0.243109698276E+03
  0.242997552414E+03  0.241380518545E+03  0.240456410019E+03  0.239834072965E+03  0.239418878690E+03  0.238752000051E+03
  0.237488243399E+03  0.236486672910E+03  0.236128006863E+03  0.235526083991E+03  0.234488054189E+03  0.233063600232E+03
  0.232965185895E+03  0.232568953396E+03  0.231864607632E+03  0.231274448485E+03  0.230202995201E+03  0.229858106480E+03
  0.229441511871E+03  0.228511294078E+03  0.227554099512E+03  0.227001883719E+03  0.225950162074E+03  0.225415715087E+03
  0.224715533249E+03  0.223469269780E+03  0.223071685677E+03  0.222586621170E+03  0.221395815730E+03  0.220825301658E+03
  0.220070169748E+03  0.219651700422E+03  0.217308630656E+03  0.216986679492E+03  0.216298199066E+03  0.216034396213E+03
  0.214721194573E+03  0.214090719769E+03  0.213260804465E+03  0.212284246123E+03  0.211980024278E+03  0.211333752825E+03
  0.210625161337E+03  0.209202976334E+03  0.208207961604E+03  0.207745005993E+03  0.207282048485E+03  0.206747650076E+03
  0.206286314352E+03  0.204588039677E+03  0.204184961825E+03  0.203406634047E+03  0.202320332269E+03  0.202014236773E+03
  0.200382307942E+03  0.199965190004E+03  0.199130247534E+03  0.198716595709E+03  0.198436247341E+03  0.196805302118E+03
  0.196519951578E+03  0.196132641154E+03  0.195505307335E+03  0.195325080266E+03  0.194687217087E+03  0.193787186261E+03
  0.193000057622E+03  0.192731327608E+03  0.192292669259E+03  0.191468267817E+03  0.190040944719E+03  0.189426747460E+03
  0.188481382037E+03  0.188221118640E+03  0.187786603393E+03  0.187616913257E+03  0.185510319819E+03  0.185169066127E+03
  0.184500613200E+03  0.184026256231E+03  0.183779444366E+03  0.182752575775E+03  0.182435068199E+03  0.182000049020E+03
  0.181717623913E+03  0.181004597800E+03  0.180407658477E+03  0.179541839114E+03  0.178802238541E+03  0.178451761336E+03
  0.177912864019E+03  0.177446539216E+03  0.177069624832E+03  0.176575126766E+03  0.176267465972E+03  0.175494885386E+03
  0.175200257363E+03  0.174592520263E+03  0.174201938014E+03  0.173868545008E+03  0.173048711735E+03  0.172220444821E+03
  0.171638917263E+03  0.171507528303E+03  0.171031787643E+03  0.170606582879E+03  0.169862048204E+03  0.168820580182E+03
  0.168239853792E+03  0.168050649111E+03  0.167861620435E+03  0.167297093862E+03  0.166819835948E+03  0.166683939473E+03
  0.165848620341E+03  0.165518338431E+03  0.164665103678E+03  0.164377912619E+03  0.163512896709E+03  0.162985027302E+03
  0.162544564595E+03  0.162161362709E+03  0.161517740025E+03  0.161056604665E+03  0.160665309135E+03  0.160162439563E+03
  0.159718558848E+03  0.159295210081E+03  0.158851707526E+03  0.158417502698E+03  0.157987359725E+03  0.157698602637E+03
  0.157178396001E+03  0.156269823473E+03  0.155991273674E+03  0.155559620345E+03  0.154587673245E+03  0.153996333152E+03
  0.153557916250E+03  0.153336977045E+03  0.153208467748E+03  0.152811889103E+03  0.152163115828E+03  0.151637006190E+03
  0.151147564490E+03  0.150729920879E+03  0.150456718624E+03  0.150320007172E+03  0.150192292260E+03  0.149409392486E+03
  0.148932328017E+03  0.148536544923E+03  0.148331444169E+03  0.147418661118E+03  0.147090595410E+03  0.146381958928E+03
  0.146036285024E+03  0.145631485182E+03  0.145308021223E+03  0.145025120935E+03  0.144508296634E+03  0.143885532350E+03
  0.143500150048E+03  0.142826815779E+03  0.142394978100E+03  0.141457067042E+03  0.141045698050E+03  0.140770320497E+03
  0.140592766301E+03  0.140116851741E+03  0.139618700989E+03  0.139289116700E+03  0.139002005904E+03  0.138053055686E+03
  0.137482443068E+03  0.137180291461E+03  0.136568431308E+03  0.136245395170E+03  0.135884678980E+03  0.135631817298E+03
  0.135416430313E+03  0.134395270747E+03  0.134374323476E+03  0.133708245039E+03  0.133365379122E+03  0.132968171650E+03
  0.132847528483E+03  0.132343096058E+03  0.132251242955E+03  0.131476391746E+03  0.131197435557E+03  0.130584638041E+03
  0.129367649070E+03  0.129144810936E+03  0.128547153729E+03  0.127650447468E+03  0.127576133557E+03  0.127006387881E+03
  0.126470296986E+03  0.125974015317E+03  0.125485899871E+03  0.125127017431E+03  0.124913385932E+03  0.124712533437E+03
  0.124308131751E+03  0.123472821070E+03  0.123289127706E+03  0.122381934509E+03  0.122164529273E+03  0.121712926976E+03
  0.121327947420E+03  0.121038153138E+03  0.120770866240E+03  0.120344598399E+03  0.119555895109E+03  0.119454107097E+03
  0.118825789633E+03  0.118132815410E+03  0.117881323266E+03  0.117747109799E+03  0.117374895989E+03  0.117096646103E+03
  0.116823837134E+03  0.116422984194E+03  0.115990842016E+03  0.115316815687E+03  0.115049269470E+03  0.114998892878E+03
  0.114195314104E+03  0.113918149880E+03  0.113687077848E+03  0.113122553787E+03  0.112728802790E+03  0.112372651634E+03
  0.111895290213E+03  0.111767546973E+03  0.111523350399E+03  0.110778681465E+03  0.110366260785E+03  0.109969969282E+03
  0.109414983592E+03  0.108959564321E+03  0.108570655975E+03  0.108123228044E+03  0.107591743660E+03  0.107481595672E+03
  0.106921266261E+03  0.106862894323E+03  0.106688969960E+03  0.106186174521E+03  0.105977163497E+03  0.105586534423E+03
  0.105261414912E+03  0.104820089355E+03  0.104277849499E+03  0.104118641302E+03  0.103740763310E+03  0.103164862513E+03
  0.102872123883E+03  0.102481729039E+03  0.102208305075E+03  0.101894733163E+03  0.101302901495E+03  0.101034388714E+03
  0.100890337624E+03  0.100403809865E+03  0.100104071960E+03  0.994894406098E+02  0.992469147037E+02  0.989849511824E+02
  0.984503461183E+02  0.983134310217E+02  0.977801734009E+02  0.973977957162E+02  0.972077796325E+02  0.968425732198E+02
  0.963804609234E+02  0.961857956527E+02  0.955505276748E+02  0.953013044163E+02  0.949610152327E+02  0.944844767585E+02
  0.942947349978E+02  0.936060119094E+02  0.932317654715E+02  0.929166631303E+02  0.925373570709E+02  0.924461537796E+02
  0.919738375307E+02  0.916498949119E+02  0.912089129079E+02  0.910928537904E+02  0.902598519117E+02  0.901597929709E+02
  0.899070233066E+02  0.895513782440E+02  0.892691308686E+02  0.886465666611E+02  0.885743812141E+02  0.881616690496E+02
  0.877093070008E+02  0.875072560871E+02  0.871178172699E+02  0.867817379023E+02  0.864012285978E+02  0.860540776527E+02
  0.857749262677E+02  0.853524362417E+02  0.848158778973E+02  0.842982871217E+02  0.840276147655E+02  0.837565917932E+02
  0.832154163003E+02  0.829089951887E+02  0.828517631260E+02  0.827249138924E+02  0.822622843391E+02  0.821736927427E+02
  0.816776065538E+02  0.812757961120E+02  0.808157340097E+02  0.807661662733E+02  0.802271797400E+02  0.799572633319E+02
  0.795928473188E+02  0.793824648344E+02  0.791019575097E+02  0.787945565874E+02  0.786167976850E+02  0.785221150264E+02
  0.782562452519E+02  0.778969473769E+02  0.776553616378E+02  0.771869451684E+02  0.768666480101E+02  0.763168650722E+02
  0.761361329576E+02  0.758949626032E+02  0.751675009724E+02  0.749076842151E+02  0.746984020099E+02  0.743754178752E+02
  0.743645625516E+02  0.739087465814E+02  0.737362747814E+02  0.733884024014E+02  0.730930378195E+02  0.728141819228E+02
  0.726298469804E+02  0.722086688914E+02  0.716536564413E+02  0.714469389085E+02  0.710617072821E+02  0.708366337528E+02
  0.706245187114E+02  0.700112978496E+02  0.699866082270E+02  0.694227399480E+02  0.692842660725E+02  0.687463769807E+02
  0.686522638479E+02  0.683696876397E+02  0.682363482062E+02  0.680893699475E+02  0.678638779371E+02  0.675251572770E+02
  0.671725680187E+02  0.667981044633E+02  0.665511802526E+02  0.662976902470E+02  0.660281776789E+02  0.659860345709E+02
  0.654925374589E+02  0.654122044301E+02  0.651583464941E+02  0.647618009402E+02  0.645662183462E+02  0.644273842472E+02
  0.642726210884E+02  0.638056244329E+02  0.636707726672E+02  0.632050019622E+02  0.629775060145E+02  0.628034638511E+02
  0.624814370893E+02  0.623574315405E+02  0.620079078130E+02  0.617685159096E+02  0.615857286304E+02  0.614330496143E+02
  0.610232210757E+02  0.607140634411E+02  0.604323706950E+02  0.603674127496E+02  0.602008419598E+02  0.597626106843E+02
  0.596013047916E+02  0.595003039936E+02  0.591626109061E+02  0.590123180668E+02  0.584885695119E+02  0.582986928911E+02
  0.578976795273E+02  0.575039177306E+02  0.574161746941E+02  0.572555133051E+02  0.570874673892E+02  0.568117847170E+02
  0.566187864547E+02  0.564021330319E+02  0.562996883466E+02  0.560132510840E+02  0.559665153654E+02  0.556806459388E+02
  0.554554898331E+02  0.552485276572E+02  0.550496902043E+02  0.548317493007E+02  0.547678850096E+02  0.545610802336E+02
  0.541381891336E+02  0.538836654555E+02  0.537194846916E+02  0.533952407389E+02  0.530145157963E+02  0.528123433737E+02
  0.524517833474E+02  0.521001265314E+02  0.519356247074E+02  0.516149213429E+02  0.513968662508E+02  0.511485644038E+02
  0.509166543267E+02  0.506647758974E+02  0.505299822479E+02  0.504609172796E+02  0.499732727571E+02  0.495805166188E+02
  0.493706857820E+02  0.493265342771E+02  0.491242524448E+02  0.487212852086E+02  0.484539854394E+02  0.483207439369E+02
  0.482846653832E+02  0.479241874061E+02  0.477601834810E+02  0.475283112259E+02  0.468677264111E+02  0.467428653692E+02
  0.464071718241E+02  0.460342186186E+02  0.459547881609E+02  0.457210630737E+02  0.455001818464E+02  0.450739237179E+02
  0.449202397630E+02  0.447941925792E+02  0.445286741956E+02  0.442254267345E+02  0.441172686314E+02  0.440974838416E+02
  0.437480492701E+02  0.436134233754E+02  0.433441941291E+02  0.432073572469E+02  0.427694034940E+02  0.426628913933E+02
  0.423656947630E+02  0.422882799799E+02  0.420886626773E+02  0.418225091715E+02  0.415897860443E+02  0.413296013349E+02
  0.412045950302E+02  0.410701955582E+02  0.406899604379E+02  0.405552729008E+02  0.404791869476E+02  0.401725206049E+02
  0.400646336690E+02  0.396816383540E+02  0.393679636100E+02  0.392454209850E+02  0.390828048631E+02  0.388813141530E+02
  0.386468099508E+02  0.384374130309E+02  0.383286139184E+02  0.380346205494E+02  0.379592999166E+02  0.377253353347E+02
  0.375677133629E+02  0.373529124375E+02  0.370134244121E+02  0.369735517892E+02  0.365178833798E+02  0.364221513999E+02
  0.358768476452E+02  0.358352067464E+02  0.356446732887E+02  0.354645136568E+02  0.353217857618E+02  0.350366211893E+02
  0.349227498432E+02  0.346632417023E+02  0.344357267352E+02  0.340785032971E+02  0.335688522046E+02  0.333960539821E+02
  0.330917734954E+02  0.328832703662E+02  0.327937832300E+02  0.325987694588E+02  0.322563264370E+02  0.321945880287E+02
  0.318700554442E+02  0.315897406912E+02  0.313672016172E+02  0.311139505205E+02  0.308826847711E+02  0.307313612869E+02
  0.301246834892E+02  0.298955337163E+02  0.296498884654E+02  0.295595240666E+02  0.294977495843E+02  0.292669395359E+02
  0.290605120569E+02  0.286613485066E+02  0.283992253799E+02  0.281772922248E+02  0.280185467812E+02  0.279690402200E+02
  0.274974631148E+02  0.272426529366E+02  0.270070445750E+02  0.269409258729E+02  0.264855683490E+02  0.264156954284E+02
  0.261357843026E+02  0.257213793852E+02  0.256410246113E+02  0.254238306652E+02  0.252129933067E+02  0.251477601297E+02
  0.249521686095E+02  0.247768421706E+02  0.246093686261E+02  0.245485276809E+02  0.242894854176E+02  0.241580406343E+02
  0.237891524763E+02  0.236294718882E+02  0.235652263826E+02  0.234047222682E+02  0.232579941684E+02  0.231806227633E+02
  0.230198046437E+02  0.228951209719E+02  0.227250402996E+02  0.226416514156E+02  0.224086636265E+02  0.222301513088E+02
  0.220013866648E+02  0.218868103325E+02  0.217130695958E+02  0.214677971153E+02  0.213948831234E+02  0.212089983441E+02
  0.209172004172E+02  0.208270406622E+02  0.206936038832E+02  0.205923105882E+02  0.203982141713E+02  0.202560188563E+02
  0.201387713788E+02  0.199476634327E+02  0.198320243159E+02  0.196818376152E+02  0.196018596916E+02  0.195402849940E+02
  0.191523198521E+02  0.191077032383E+02  0.189352405705E+02  0.188050394666E+02  0.187237928415E+02  0.186094561877E+02
  0.184601334112E+02  0.182050066533E+02  0.180924699057E+02  0.180416986179E+02  0.178839347749E+02  0.176685910224E+02
  0.175387183401E+02  0.174879241197E+02  0.172954542200E+02  0.172862891247E+02  0.171102888775E+02  0.170080190457E+02
  0.169384454426E+02  0.168372363309E+02  0.166448065594E+02  0.164878606204E+02  0.163167892337E+02  0.162686636956E+02
  0.160660630019E+02  0.159722056365E+02  0.158855079543E+02  0.157742261080E+02  0.156681038832E+02  0.155491067389E+02
  0.154233066000E+02  0.153134632862E+02  0.152549645909E+02  0.151267059198E+02  0.150160303845E+02  0.149750193656E+02
  0.148394731461E+02  0.145513930284E+02  0.144577753462E+02  0.143614718011E+02  0.142641989902E+02  0.142191614609E+02
  0.141355898524E+02  0.140223442317E+02  0.139760029669E+02  0.138599136703E+02  0.137526428995E+02  0.136447080354E+02
  0.135509136738E+02  0.134512114264E+02  0.132954222488E+02  0.132553393485E+02  0.131711577857E+02  0.130097697296E+02
  0.129196935119E+02  0.128225327319E+02  0.127622838704E+02  0.126660074872E+02  0.125803748555E+02  0.124584158564E+02
  0.123457056532E+02  0.122907029218E+02  0.122025108111E+02  0.120980866658E+02  0.119956547263E+02  0.119289923303E+02
  0.118392477295E+02  0.117346726531E+02  0.117233220275E+02  0.116201726366E+02  0.115083937389E+02  0.113656661630E+02
  0.113223298437E+02  0.112256715300E+02  0.112003823832E+02  0.109921469351E+02  0.109741291246E+02  0.108157747564E+02
  0.107749472910E+02  0.107193135831E+02  0.106108332654E+02  0.104979702531E+02  0.104037656422E+02  0.103392179588E+02
  0.103121813043E+02  0.101674145085E+02  0.100939579972E+02  0.998841344891E+01  0.993981017808E+01  0.988111290482E+01
  0.982879295335E+01  0.972592920396E+01  0.964382602149E+01  0.953836472872E+01  0.952307016738E+01  0.945805153952E+01
  0.943323211831E+01  0.937955438536E+01  0.927309573797E+01  0.922551241379E+01  0.913142111590E+01  0.911519823700E+01
  0.903705180133E+01  0.893701450415E+01  0.890935404023E+01  0.880233549328E+01  0.873537825506E+01  0.866754385519E+01
  0.851335938326E+01  0.849028527289E+01  0.838010294755E+01  0.829683171790E+01  0.823872232398E+01  0.813527505148E+01
  0.809589474744E+01  0.793572066432E+01  0.788340730949E+01  0.785738057956E+01  0.776764484483E+01  0.768992485171E+01
  0.764556470905E+01  0.755264587530E+01  0.754380191607E+01  0.738577060743E+01  0.735899211644E+01  0.725670018252E+01
  0.720940992642E+01  0.719404317785E+01  0.711636712419E+01  0.709954889581E+01  0.697002784313E+01  0.693029855558E+01
  0.684043187963E+01  0.682288775207E+01  0.670901214634E+01  0.667077732974E+01  0.658080735817E+01  0.649712229340E+01
  0.643459306825E+01  0.641220122211E+01  0.637416703701E+01  0.634900740281E+01  0.620713829438E+01  0.612007471604E+01
  0.609946289570E+01  0.607303013808E+01  0.594916682917E+01  0.588006403574E+01  0.582786423507E+01  0.575844563663E+01
  0.562676879284E+01  0.550244306045E+01  0.540960695918E+01  0.535590785739E+01  0.524321663938E+01  0.517542659644E+01
  0.511693554927E+01  0.505228495010E+01  0.495723121358E+01  0.490918424114E+01  0.486489130878E+01  0.475420616053E+01
  0.471695338722E+01  0.466975522639E+01  0.458717650699E+01  0.451942314651E+01  0.447057161162E+01  0.438721297873E+01
  0.437540262620E+01  0.429358117562E+01  0.421288738388E+01  0.419662765953E+01  0.416826080394E+01  0.414245416722E+01
  0.404220762008E+01  0.402877584964E+01  0.394362552612E+01  0.384956283796E+01  0.382797663852E+01  0.381324489764E+01
  0.374315621870E+01  0.368647812759E+01  0.363000056844E+01  0.361151559236E+01  0.353556011625E+01  0.351112520406E+01
  0.344948012781E+01  0.338867160650E+01  0.335988204201E+01  0.334738149567E+01  0.328606918698E+01  0.322776094239E+01
  0.320282324091E+01  0.308788901072E+01  0.307244621380E+01  0.304576062444E+01  0.295901125972E+01  0.295494569266E+01
  0.290305947552E+01  0.282651492821E+01  0.280147559774E+01  0.278148011026E+01  0.274088716382E+01  0.267635450442E+01
  0.258082891395E+01  0.256703332434E+01  0.254284178621E+01  0.252537144829E+01  0.248746810767E+01  0.242313666607E+01
  0.237819247063E+01  0.235594098950E+01  0.232876213589E+01  0.228058624657E+01  0.222849512169E+01  0.219821548360E+01
  0.215020837066E+01  0.211935458529E+01  0.207171076954E+01  0.202060895942E+01  0.198414381288E+01  0.196283573414E+01
  0.189900311331E+01  0.189066989377E+01  0.183164713081E+01  0.180449190033E+01  0.176075949865E+01  0.174002643241E+01
  0.171553092379E+01  0.169077676229E+01  0.163893330199E+01  0.158005520064E+01  0.153369146748E+01  0.147570383791E+01
  0.145157207362E+01  0.140179765141E+01  0.137693344903E+01  0.135208082157E+01  0.133963461603E+01  0.130800133032E+01
  0.129689231417E+01  0.126904732202E+01  0.125911025891E+01  0.124366696755E+01  0.123451204202E+01  0.120370812039E+01
  0.118266978482E+01  0.117264451838E+01  0.116331191662E+01  0.114572019517E+01  0.109717136956E+01  0.106301319557E+01
  0.105339037205E+01  0.103312148408E+01  0.102699941309E+01  0.101224115936E+01  0.978872165113E+00  0.937956844435E+00
  0.913158977942E+00  0.881212663865E+00  0.861900782628E+00  0.848995935263E+00  0.821842134476E+00  0.806206380361E+00
  0.791979204082E+00  0.761403087462E+00  0.735143922099E+00  0.721656172744E+00  0.707058236417E+00  0.702872809195E+00
  0.687466728653E+00  0.683753853391E+00  0.654628047746E+00  0.639201401345E+00  0.618598535971E+00  0.611963631322E+00
  0.578048205747E+00  0.574543181084E+00  0.567772495131E+00  0.540940396951E+00  0.524919724676E+00  0.518348030657E+00
  0.488414457914E+00  0.482475050055E+00  0.464571259225E+00  0.441733076530E+00  0.429947455119E+00  0.420980668230E+00
  0.416014590973E+00  0.407030305641E+00  0.372357771784E+00  0.368737118111E+00  0.360759956042E+00  0.334474171485E+00
  0.332871541043E+00  0.329344017320E+00  0.314960778740E+00  0.309157131379E+00  0.295017909745E+00  0.280860949587E+00
  0.266670469708E+00  0.260922497278E+00  0.252179026405E+00  0.234868027641E+00  0.214738766272E+00  0.211773223945E+00
  0.190859834819E+00  0.185417439928E+00  0.183279197993E+00  0.180418530468E+00  0.174972432089E+00  0.149676824236E+00
  0.140320961245E+00  0.124993924238E+00  0.118423406831E+00  0.106410982101E+00  0.102269644581E+00  0.974089758117E-01
  0.921283705293E-01  0.879129351573E-01  0.709267274496E-01  0.666869128354E-01  0.634651279574E-01  0.582254389155E-01
  0.471668225056E-01  0.426549292346E-01  0.364834224971E-01  0.235049371524E-01  0.195070266914E-01  0.123684882307E-01
  0.802278691738E-02  0.533627108362E-02  0.386602920881E-02  0.259195192223E-02  0.157664687897E-02  0.127103901507E-02
