  0.616029225562E+05  0.616029225562E+05  0.616029225562E+05  0.616029225562E+05  0.616029225562E+05  0.616029225562E+05
  0.427955786613E+04  0.419808354258E+04  0.417740576832E+04  0.410344597718E+04  0.406934506253E+04  0.403798275857E+04
  0.401645880787E+04  0.400400575691E+04  0.398936762621E+04  0.396296692411E+04  0.394239163324E+04  0.391803939820E+04
  0.390507666843E+04  0.388553221738E+04  0.387041445464E+04  0.384472776458E+04  0.382603839052E+04  0.380711609668E+04
  0.380352988464E+04  0.378369091409E+04  0.374973437687E+04  0.373990173339E+04  0.369848214251E+04  0.369372592670E+04
  0.367373729388E+04  0.366043028286E+04  0.364332223513E+04  0.362415682812E+04  0.360595695809E+04  0.359622418919E+04
  0.357175962006E+04  0.356798753635E+04  0.355891336950E+04  0.354116391083E+04  0.353282880506E+04  0.350884742282E+04
  0.348499092203E+04  0.347756700265E+04  0.346881702657E+04  0.345726309393E+04  0.345128640623E+04  0.342335943647E+04
  0.341677277957E+04  0.341520531909E+04  0.340302684569E+04  0.339326809498E+04  0.336864055417E+04  0.335401958684E+04
  0.335015948389E+04  0.334657189108E+04  0.333429975272E+04  0.330810651005E+04  0.330428126600E+04  0.329736326144E+04
  0.329098483000E+04  0.326727824633E+04  0.326263842702E+04  0.324599354362E+04  0.324310948802E+04  0.322980387108E+04
  0.321186062672E+04  0.320320536990E+04  0.318521316045E+04  0.318119887495E+04  0.316948762196E+04  0.315272336884E+04
  0.313908231322E+04  0.313409001776E+04  0.312517050543E+04  0.310701445108E+04  0.309711306312E+04  0.308960028696E+04
  0.308159644921E+04  0.307012128246E+04  0.305879836644E+04  0.304986119596E+04  0.304294776219E+04  0.303370960489E+04
  0.301995179919E+04  0.301871514106E+04  0.299647590158E+04  0.299010436291E+04  0.298342202703E+04  0.297605384835E+04
  0.296699980836E+04  0.296466385445E+04  0.294529250617E+04  0.293899642187E+04  0.293456805418E+04  0.291462209767E+04
  0.291029036114E+04  0.290492383205E+04  0.290252680879E+04  0.288719421315E+04  0.287489332602E+04  0.287207457868E+04
  0.286466383377E+04  0.285255145612E+04  0.284587747006E+04  0.283083340111E+04  0.282564620995E+04  0.282321024184E+04
  0.281143657122E+04  0.280263681218E+04  0.279604954753E+04  0.278931653373E+04  0.278102723171E+04  0.277459413609E+04
  0.275056726713E+04  0.274793648004E+04  0.273905265085E+04  0.273012892837E+04  0.272567473883E+04  0.272077212837E+04
  0.270731039785E+04  0.269968327024E+04  0.269414498779E+04  0.268408128982E+04  0.267900773352E+04  0.267716923620E+04
  0.266711593781E+04  0.265666496177E+04  0.265120535041E+04  0.264520640896E+04  0.263325098825E+04  0.261753133259E+04
  0.260690164840E+04  0.260159570085E+04  0.259369888298E+04  0.258640658886E+04  0.257753953033E+04  0.256576480722E+04
  0.255648056778E+04  0.254951431585E+04  0.254601855665E+04  0.253635531458E+04  0.252820130433E+04  0.252580149934E+04
  0.252449323977E+04  0.250873606659E+04  0.249209302783E+04  0.248957027107E+04  0.248265479007E+04  0.247485663093E+04
  0.246478021289E+04  0.245438241542E+04  0.245230267761E+04  0.244458302105E+04  0.243708589806E+04  0.242871548439E+04
  0.241849417376E+04  0.240817913681E+04  0.240546219647E+04  0.239900260412E+04  0.238617182155E+04  0.237768821602E+04
  0.237507282873E+04  0.236831851797E+04  0.235834904985E+04  0.234541334959E+04  0.234334496589E+04  0.233423756741E+04
  0.232474821866E+04  0.231527827669E+04  0.230874162417E+04  0.230753786939E+04  0.229467662666E+04  0.229205518555E+04
  0.228452226368E+04  0.227447221790E+04  0.226859007215E+04  0.226598420656E+04  0.225680381091E+04  0.225123187625E+04
  0.224148266953E+04  0.223329997864E+04  0.223052421826E+04  0.221347887812E+04  0.220687273114E+04  0.220243618377E+04
  0.219579306301E+04  0.219230192812E+04  0.218908943309E+04  0.218210403397E+04  0.217357412636E+04  0.216236623186E+04
  0.215903151898E+04  0.215339315269E+04  0.213821923540E+04  0.213237988010E+04  0.212900366248E+04  0.212455509669E+04
  0.211095352649E+04  0.210898360139E+04  0.210035823169E+04  0.209725367528E+04  0.208372955527E+04  0.207725099229E+04
  0.207437333881E+04  0.207144402703E+04  0.206429772501E+04  0.205258270030E+04  0.204683609811E+04  0.203872660968E+04
  0.203242318034E+04  0.202931634169E+04  0.202667734664E+04  0.202051730529E+04  0.201345306041E+04  0.200804343441E+04
  0.200473274942E+04  0.199466947947E+04  0.199074287891E+04  0.198427982249E+04  0.198229346795E+04  0.197589385596E+04
  0.196346647771E+04  0.195972072778E+04  0.195491518634E+04  0.194726496816E+04  0.193568544286E+04  0.193484891031E+04
  0.193012447314E+04  0.192769866220E+04  0.192553464657E+04  0.191172162147E+04  0.191069654174E+04  0.190657211759E+04
  0.189651068085E+04  0.189134202908E+04  0.188805346612E+04  0.188322686188E+04  0.187626688809E+04  0.187378713730E+04
  0.186584209178E+04  0.185050729396E+04  0.184610504563E+04  0.183885727206E+04  0.183295873246E+04  0.183104641306E+04
  0.182605831072E+04  0.181911953000E+04  0.181327398031E+04  0.180402548618E+04  0.180013338059E+04  0.179469743181E+04
  0.179206549111E+04  0.178580179998E+04  0.177871018051E+04  0.177363338425E+04  0.176734604572E+04  0.176431479302E+04
  0.175823688690E+04  0.175479024824E+04  0.175000227554E+04  0.174481136910E+04  0.173938502253E+04  0.173369468666E+04
  0.173025794529E+04  0.172444772764E+04  0.171459141994E+04  0.171121480576E+04  0.170891141324E+04  0.170665902357E+04
  0.170460225742E+04  0.170069668035E+04  0.169201608444E+04  0.169149788211E+04  0.168760035611E+04  0.167961841320E+04
  0.167361336429E+04  0.166969211447E+04  0.166052932353E+04  0.165407959225E+04  0.164382481844E+04  0.164288607166E+04
  0.163923934951E+04  0.163713011683E+04  0.162911581272E+04  0.162559242224E+04  0.162223099435E+04  0.161459916023E+04
  0.161007387294E+04  0.160489421217E+04  0.160313986797E+04  0.159711517506E+04  0.159396003740E+04  0.158787928820E+04
  0.157839545560E+04  0.157678557090E+04  0.157031781256E+04  0.156748410240E+04  0.156516857080E+04  0.156116307169E+04
  0.155675438732E+04  0.155353488869E+04  0.155262633534E+04  0.154707256073E+04  0.154413179172E+04  0.154358137259E+04
  0.153663819268E+04  0.153476533362E+04  0.153045195611E+04  0.152615329055E+04  0.152210387920E+04  0.151320884955E+04
  0.151035524355E+04  0.150840417146E+04  0.150281766962E+04  0.150096215991E+04  0.149500052506E+04  0.149247428697E+04
  0.148428405633E+04  0.148180831763E+04  0.148012758786E+04  0.147462471015E+04  0.147207343001E+04  0.145982377565E+04
  0.145807792336E+04  0.145438491292E+04  0.145207040131E+04  0.144753125757E+04  0.144488572569E+04  0.144352237248E+04
  0.143873844093E+04  0.143472292005E+04  0.143207301038E+04  0.142646217712E+04  0.142218400783E+04  0.141997904232E+04
  0.141944919833E+04  0.141371580406E+04  0.141147120744E+04  0.140839448791E+04  0.140674338150E+04  0.140270598305E+04
  0.139870234100E+04  0.139551511016E+04  0.139206010339E+04  0.138506658360E+04  0.138241244897E+04  0.138073032981E+04
  0.137350874681E+04  0.137245293925E+04  0.136861376528E+04  0.136419435937E+04  0.136030095975E+04  0.135664537250E+04
  0.135161656961E+04  0.134859851725E+04  0.134810349987E+04  0.134330454595E+04  0.134105767668E+04  0.133822984084E+04
  0.133360365916E+04  0.133288545770E+04  0.132507277918E+04  0.132275979620E+04  0.131831443713E+04  0.131678211782E+04
  0.131439433086E+04  0.131282589956E+04  0.131050772168E+04  0.130600215211E+04  0.130296479721E+04  0.129802000650E+04
  0.129641010868E+04  0.129490623654E+04  0.129285131049E+04  0.129030228829E+04  0.128685617194E+04  0.128244932290E+04
  0.127936765915E+04  0.127458894810E+04  0.126866144889E+04  0.126821121465E+04  0.126457640435E+04  0.126221295059E+04
  0.125925185102E+04  0.125464645045E+04  0.125045607019E+04  0.124921707155E+04  0.124734595755E+04  0.124256013680E+04
  0.123881142784E+04  0.123728695672E+04  0.123433515988E+04  0.123161389931E+04  0.122914781131E+04  0.122286852570E+04
  0.121920069495E+04  0.121711116164E+04  0.121404834586E+04  0.121243701639E+04  0.120937709577E+04  0.120518854675E+04
  0.120115591709E+04  0.119775551666E+04  0.119739120939E+04  0.119412331057E+04  0.118944722174E+04  0.118760299996E+04
  0.118469303257E+04  0.118131866561E+04  0.117939530409E+04  0.117735441557E+04  0.117320606958E+04  0.116887656872E+04
  0.116739297171E+04  0.116471025420E+04  0.116094420089E+04  0.115701511021E+04  0.115662457472E+04  0.115541341788E+04
  0.115365051820E+04  0.115215247996E+04  0.114823517641E+04  0.114650094424E+04  0.114230296266E+04  0.114022919298E+04
  0.113871820080E+04  0.113595566730E+04  0.113205260337E+04  0.112981685421E+04  0.112351523007E+04  0.112197164133E+04
  0.111928536312E+04  0.111653130429E+04  0.111302128148E+04  0.111256237496E+04  0.110878632346E+04  0.110483082457E+04
  0.110129778858E+04  0.110054006023E+04  0.109797068989E+04  0.109687588606E+04  0.109197410455E+04  0.108868144890E+04
  0.108742439748E+04  0.108443456657E+04  0.108038511499E+04  0.107907440524E+04  0.107609138272E+04  0.107497625816E+04
  0.107292595897E+04  0.107093516981E+04  0.106713724740E+04  0.106442362992E+04  0.106343377143E+04  0.105972806906E+04
  0.105743085622E+04  0.105602968043E+04  0.105223206967E+04  0.104978393310E+04  0.104592607658E+04  0.104319555564E+04
  0.104215031031E+04  0.103881617970E+04  0.103539908698E+04  0.103507815284E+04  0.103318898634E+04  0.103073313769E+04
  0.102431190530E+04  0.102403429295E+04  0.102183574167E+04  0.101869489223E+04  0.101617884401E+04  0.101282006470E+04
  0.101158817367E+04  0.100569576740E+04  0.100326647763E+04  0.100248008657E+04  0.998162068421E+03  0.996452861706E+03
  0.994446462658E+03  0.990941389877E+03  0.990346566979E+03  0.987511928794E+03  0.982768946336E+03  0.979893166100E+03
  0.977413260592E+03  0.975809987635E+03  0.973464848852E+03  0.971094934705E+03  0.969391213173E+03  0.968723556473E+03
  0.963506341163E+03  0.961744951669E+03  0.957622246919E+03  0.953489475713E+03  0.951386874635E+03  0.950275088657E+03
  0.948962568808E+03  0.947119254517E+03  0.945494271698E+03  0.942670238711E+03  0.941019560587E+03  0.938269676760E+03
  0.936163987998E+03  0.933217094998E+03  0.928689690437E+03  0.926453761233E+03  0.923569328196E+03  0.919232473535E+03
  0.918879209921E+03  0.916457185615E+03  0.915180417404E+03  0.913683940900E+03  0.912674345783E+03  0.908947393915E+03
  0.907511851309E+03  0.904883409410E+03  0.901787579260E+03  0.900273045684E+03  0.896348494038E+03  0.893141595667E+03
  0.891697651450E+03  0.890489685326E+03  0.887360214369E+03  0.884533853041E+03  0.881491469254E+03  0.878924433828E+03
  0.877631569106E+03  0.876439449824E+03  0.871050460715E+03  0.869620263652E+03  0.867989472903E+03  0.866019888433E+03
  0.864747403578E+03  0.864054211160E+03  0.858085707210E+03  0.857167077992E+03  0.855897390522E+03  0.853123820603E+03
  0.850664129719E+03  0.848611813109E+03  0.845460934437E+03  0.843975143178E+03  0.841772831989E+03  0.840773441682E+03
  0.836530655743E+03  0.835422929733E+03  0.833144122644E+03  0.829901473329E+03  0.829855275297E+03  0.826788421263E+03
  0.824980474618E+03  0.823483031668E+03  0.822193722735E+03  0.819502746914E+03  0.817545967846E+03  0.816046987012E+03
  0.814358208627E+03  0.809889083136E+03  0.808063626624E+03  0.806121584723E+03  0.805028580756E+03  0.803144424522E+03
  0.801335473524E+03  0.795272930712E+03  0.794347886852E+03  0.790537927533E+03  0.789658781458E+03  0.788267484694E+03
  0.785606287669E+03  0.784649154079E+03  0.780446779819E+03  0.779072299285E+03  0.778296205480E+03  0.775872864638E+03
  0.774953338147E+03  0.771493338354E+03  0.767536961393E+03  0.766104292026E+03  0.765561548951E+03  0.763271978101E+03
  0.762653537447E+03  0.759581465660E+03  0.758396886788E+03  0.755629657818E+03  0.753712931166E+03  0.751249005192E+03
  0.748079767351E+03  0.743040598984E+03  0.741694136826E+03  0.739824524780E+03  0.738496913396E+03  0.737456540739E+03
  0.733676813008E+03  0.731014244659E+03  0.730110621283E+03  0.728632293202E+03  0.726535441597E+03  0.723962625067E+03
  0.722165718134E+03  0.718909330043E+03  0.715487271758E+03  0.714412532930E+03  0.712976757104E+03  0.708576271557E+03
  0.707682755504E+03  0.703156966452E+03  0.702232203357E+03  0.700113879265E+03  0.699006204339E+03  0.696006548513E+03
  0.693640904358E+03  0.690882463452E+03  0.689864364101E+03  0.686914630807E+03  0.684403712504E+03  0.680390218397E+03
  0.677210468107E+03  0.676987453932E+03  0.675360831650E+03  0.672390021227E+03  0.669040592963E+03  0.667099601342E+03
  0.666777661392E+03  0.664697128026E+03  0.662568911137E+03  0.659279394769E+03  0.657007198468E+03  0.654997940298E+03
  0.653257142919E+03  0.650602204670E+03  0.647573895762E+03  0.644112211577E+03  0.642859012605E+03  0.641065885148E+03
  0.639782875895E+03  0.638457970633E+03  0.635202003562E+03  0.633849050451E+03  0.631177732535E+03  0.630096448422E+03
  0.628356438163E+03  0.627768885434E+03  0.625294014156E+03  0.622126638635E+03  0.620868444948E+03  0.619106573695E+03
  0.614853480223E+03  0.612130933222E+03  0.611234277910E+03  0.610189206320E+03  0.607528697264E+03  0.604955739820E+03
  0.604101260732E+03  0.601765691004E+03  0.600984396243E+03  0.599052404833E+03  0.597479143178E+03  0.594476922278E+03
  0.593083127620E+03  0.591797775876E+03  0.589532168177E+03  0.588529564278E+03  0.587633087806E+03  0.585223552895E+03
  0.583785173334E+03  0.582658247406E+03  0.579160827789E+03  0.578657542552E+03  0.576501636983E+03  0.575808303105E+03
  0.574371284186E+03  0.572093576578E+03  0.570454313500E+03  0.570277033033E+03  0.568419601179E+03  0.567491394253E+03
  0.566256091365E+03  0.561877494355E+03  0.559338546258E+03  0.559189260459E+03  0.557779185319E+03  0.554861866977E+03
  0.554072197982E+03  0.552033479505E+03  0.550667305552E+03  0.549952063481E+03  0.548609710875E+03  0.546925053425E+03
  0.545527082704E+03  0.543698431445E+03  0.542531767627E+03  0.541674307478E+03  0.540199086589E+03  0.539776886945E+03
  0.538171333785E+03  0.535717862694E+03  0.535288296505E+03  0.534497540831E+03  0.530951141120E+03  0.529464294752E+03
  0.527265462112E+03  0.526771201446E+03  0.525582611357E+03  0.524765869384E+03  0.521388997797E+03  0.520074897753E+03
  0.518777174720E+03  0.517493353095E+03  0.515884843380E+03  0.515461800865E+03  0.513865441822E+03  0.511861483518E+03
  0.510016478614E+03  0.508529231035E+03  0.507692892320E+03  0.506895026306E+03  0.505105678818E+03  0.502883351765E+03
  0.501912721404E+03  0.501184501629E+03  0.498775632137E+03  0.497009268089E+03  0.495714589533E+03  0.494763388682E+03
  0.493618591929E+03  0.492080045374E+03  0.490962158702E+03  0.489894721950E+03  0.486817996163E+03  0.486301585409E+03
  0.485664054325E+03  0.483725569915E+03  0.482552336882E+03  0.482204080743E+03  0.480271865389E+03  0.479980864977E+03
  0.476985018168E+03  0.475748533845E+03  0.474758537749E+03  0.473825062540E+03  0.472379973793E+03  0.471860651889E+03
  0.469733413924E+03  0.469439185070E+03  0.468081857545E+03  0.465921064137E+03  0.465105820242E+03  0.464643122291E+03
  0.463212970309E+03  0.461226526110E+03  0.459702890226E+03  0.458421734165E+03  0.458215382338E+03  0.456091328711E+03
  0.455077066083E+03  0.454591954009E+03  0.454021962360E+03  0.452967888685E+03  0.452796992279E+03  0.450515862631E+03
  0.449049279671E+03  0.447523033607E+03  0.446289117196E+03  0.443451944440E+03  0.442605412861E+03  0.440896500949E+03
  0.439881042205E+03  0.439174172890E+03  0.437510849233E+03  0.436710492990E+03  0.435991177933E+03  0.434203364876E+03
  0.432540421327E+03  0.430176839794E+03  0.429512205725E+03  0.427809248599E+03  0.426309273492E+03  0.425704717258E+03
  0.424768425733E+03  0.423883063692E+03  0.421258867635E+03  0.420554648655E+03  0.418893538161E+03  0.418000266189E+03
  0.416220303301E+03  0.415286799062E+03  0.414016501211E+03  0.412927276011E+03  0.411549997187E+03  0.410304294873E+03
  0.409336985802E+03  0.409230660015E+03  0.407347756181E+03  0.406579365287E+03  0.406085150312E+03  0.403675947848E+03
  0.403356220517E+03  0.401193292044E+03  0.400716006926E+03  0.399509813572E+03  0.397706941621E+03  0.396497024718E+03
  0.396085383542E+03  0.395403886010E+03  0.394814499552E+03  0.394001497625E+03  0.392597262683E+03  0.390368135741E+03
  0.389560855836E+03  0.389251041078E+03  0.388610671516E+03  0.385085710266E+03  0.384155796694E+03  0.383276391527E+03
  0.381242132666E+03  0.380905462957E+03  0.380710170578E+03  0.378858773660E+03  0.377498554422E+03  0.375635782887E+03
  0.374153999819E+03  0.373385809159E+03  0.372193158667E+03  0.371605239873E+03  0.369273938252E+03  0.368118691190E+03
  0.366511385833E+03  0.365987915095E+03  0.365338452771E+03  0.364115205253E+03  0.363784303561E+03  0.361994207295E+03
  0.361190632758E+03  0.360226726237E+03  0.359549410068E+03  0.359125162221E+03  0.357902611220E+03  0.356952466332E+03
  0.356459660050E+03  0.355706511681E+03  0.354210220594E+03  0.353303043449E+03  0.352403074298E+03  0.351640194566E+03
  0.350276484666E+03  0.349620933038E+03  0.348924765129E+03  0.346851874839E+03  0.346593786121E+03  0.346272579967E+03
  0.343384338090E+03  0.343020783941E+03  0.341824776127E+03  0.341395388274E+03  0.340438309584E+03  0.339502373922E+03
  0.339192218759E+03  0.336347604730E+03  0.334590908188E+03  0.333990829836E+03  0.333435656816E+03  0.333125700934E+03
  0.331978192272E+03  0.329321138938E+03  0.328998755033E+03  0.328439595208E+03  0.327498599225E+03  0.326631920242E+03
  0.325307024869E+03  0.324184927965E+03  0.323387302720E+03  0.322086425603E+03  0.321906968596E+03  0.319934472356E+03
  0.318873709437E+03  0.318137550927E+03  0.317779873262E+03  0.316864247073E+03  0.316013810974E+03  0.314801344439E+03
  0.313835961122E+03  0.312832978864E+03  0.312399026395E+03  0.311248634692E+03  0.310870554404E+03  0.310294035815E+03
  0.308605876586E+03  0.307470343888E+03  0.306237845966E+03  0.305744981121E+03  0.304596085940E+03  0.303823934505E+03
  0.302286461613E+03  0.301653733772E+03  0.301501428599E+03  0.299527223407E+03  0.299233245075E+03  0.298664232264E+03
  0.297786476563E+03  0.296368042421E+03  0.295574288639E+03  0.295379191161E+03  0.293295920273E+03  0.292113541537E+03
  0.291840767298E+03  0.290832255307E+03  0.290188863982E+03  0.288533956536E+03  0.287344331385E+03  0.286808638503E+03
  0.285708607794E+03  0.284909841879E+03  0.284693988302E+03  0.282885545645E+03  0.282652421973E+03  0.281482495018E+03
  0.280847845833E+03  0.280015955033E+03  0.279061009633E+03  0.278220565890E+03  0.277190787755E+03  0.276008366517E+03
  0.275232626677E+03  0.273889522414E+03  0.273796397584E+03  0.272561684456E+03  0.272078687911E+03  0.270706762984E+03
  0.270173323638E+03  0.269635821102E+03  0.267494523042E+03  0.265584270943E+03  0.264561411568E+03  0.263530074382E+03
  0.262412489341E+03  0.262085758230E+03  0.260142869670E+03  0.259307815499E+03  0.258582924571E+03  0.256877746632E+03
  0.256309230832E+03  0.255215624899E+03  0.254997483655E+03  0.254823811020E+03  0.252704993720E+03  0.251701355591E+03
  0.251426903213E+03  0.249811394607E+03  0.249346089386E+03  0.248550608778E+03  0.246972810237E+03  0.246346484333E+03
  0.244457065043E+03  0.243613572254E+03  0.242499716069E+03  0.241897052339E+03  0.240935338394E+03  0.239690163406E+03
  0.239085934525E+03  0.238647457013E+03  0.237778024127E+03  0.235922812881E+03  0.235665369579E+03  0.234825945927E+03
  0.234466535610E+03  0.232951882341E+03  0.232275502710E+03  0.231896344183E+03  0.231304399359E+03  0.230202687696E+03
  0.230156662232E+03  0.229480755709E+03  0.228340799831E+03  0.227613933917E+03  0.227311761053E+03  0.225098098620E+03
  0.224504136809E+03  0.224389880807E+03  0.223291094931E+03  0.222464269436E+03  0.221684577916E+03  0.220702875268E+03
  0.220545930297E+03  0.220090386510E+03  0.219447246650E+03  0.218399452521E+03  0.217705558923E+03  0.217189116115E+03
  0.215835621114E+03  0.214797674468E+03  0.213992956891E+03  0.213039525416E+03  0.212361840683E+03  0.211748658254E+03
  0.210884720430E+03  0.210392939521E+03  0.209842436617E+03  0.209052550937E+03  0.208906577264E+03  0.207720234963E+03
  0.207069752198E+03  0.206478150865E+03  0.206038357067E+03  0.204503692223E+03  0.203891201910E+03  0.203627643703E+03
  0.202720985795E+03  0.202176527022E+03  0.201580081945E+03  0.201049010330E+03  0.199899096644E+03  0.199293810041E+03
  0.198957030847E+03  0.198517373304E+03  0.197581797132E+03  0.196206330911E+03  0.196065008909E+03  0.195608573377E+03
  0.195362344656E+03  0.194678866714E+03  0.193956579942E+03  0.193616640314E+03  0.192651094832E+03  0.192362272270E+03
  0.191302470240E+03  0.190851797937E+03  0.189970963807E+03  0.189589484452E+03  0.188973146523E+03  0.188034977249E+03
  0.187765525433E+03  0.187118341756E+03  0.186503181319E+03  0.185966524389E+03  0.185553245520E+03  0.184777272284E+03
  0.184314495149E+03  0.183553309672E+03  0.182687833959E+03  0.182498715039E+03  0.181864215933E+03  0.181565948698E+03
  0.180626473680E+03  0.180142437721E+03  0.179230997971E+03  0.178571297481E+03  0.178191656948E+03  0.177819849602E+03
  0.177156073956E+03  0.176725642879E+03  0.176111194359E+03  0.175674233559E+03  0.174907708519E+03  0.174644064623E+03
  0.174399969800E+03  0.174304185758E+03  0.173492669339E+03  0.172901728819E+03  0.172562030944E+03  0.171405555121E+03
  0.170741715190E+03  0.170279367736E+03  0.169917927997E+03  0.169374419555E+03  0.168907465137E+03  0.168781827014E+03
  0.167663618518E+03  0.167336125883E+03  0.166393732591E+03  0.166119960657E+03  0.165836123454E+03  0.164787706272E+03
  0.164727867319E+03  0.163897620228E+03  0.163349244100E+03  0.162853978914E+03  0.162171520028E+03  0.161920814658E+03
  0.161725578277E+03  0.160846088562E+03  0.160112063349E+03  0.159664607113E+03  0.159299807455E+03  0.158685776241E+03
  0.158488885414E+03  0.158102232039E+03  0.157961473627E+03  0.157652617283E+03  0.157094515908E+03  0.156169747883E+03
  0.155760724288E+03  0.155551457313E+03  0.154732000729E+03  0.154338893355E+03  0.153760565034E+03  0.153182837150E+03
  0.152667801865E+03  0.152416812507E+03  0.151923168083E+03  0.151458082976E+03  0.151004953940E+03  0.150788043431E+03
  0.150415414784E+03  0.149933055361E+03  0.149240434166E+03  0.149009893504E+03  0.148176416283E+03  0.147184936153E+03
  0.147056734182E+03  0.146609117494E+03  0.145905209168E+03  0.145383822153E+03  0.144942513990E+03  0.144369099501E+03
  0.143920605858E+03  0.143636324456E+03  0.143272451634E+03  0.142460441451E+03  0.142080154550E+03  0.141584637537E+03
  0.141081842151E+03  0.140560237762E+03  0.140430373681E+03  0.139984169001E+03  0.139534462540E+03  0.139249204342E+03
  0.138967073608E+03  0.138063247290E+03  0.138023694976E+03  0.137572651112E+03  0.137094569450E+03  0.137026555282E+03
  0.136402151944E+03  0.136240098633E+03  0.135837283480E+03  0.135459932708E+03  0.134444764124E+03  0.134198456268E+03
  0.133961559757E+03  0.133632549681E+03  0.133059405311E+03  0.132465706454E+03  0.132156732093E+03  0.131816018995E+03
  0.131703210122E+03  0.130903405431E+03  0.130687470197E+03  0.129864196054E+03  0.129674139141E+03  0.129182360328E+03
  0.128958471434E+03  0.128107493956E+03  0.127944523836E+03  0.127398879770E+03  0.127155957950E+03  0.126800562455E+03
  0.126048947617E+03  0.125861220592E+03  0.125571516256E+03  0.125328722394E+03  0.124904033118E+03  0.124618517286E+03
  0.124338800795E+03  0.124248703921E+03  0.123806936518E+03  0.123153929890E+03  0.122938504575E+03  0.122180877925E+03
  0.121832835391E+03  0.121783456601E+03  0.121582053521E+03  0.120844338907E+03  0.120533973296E+03  0.119955026908E+03
  0.119474042634E+03  0.119268816285E+03  0.118616495875E+03  0.117908439841E+03  0.117591592987E+03  0.117194157672E+03
  0.116837645301E+03  0.116531411919E+03  0.116321868526E+03  0.116111776134E+03  0.115829052732E+03  0.115199044148E+03
  0.115068895696E+03  0.114197866163E+03  0.114036780757E+03  0.113619767501E+03  0.113372411344E+03  0.113260042478E+03
  0.112403253956E+03  0.111625956373E+03  0.111226619041E+03  0.111127021496E+03  0.110799196845E+03  0.110309698635E+03
  0.110248804012E+03  0.109741549625E+03  0.109407971216E+03  0.108988770798E+03  0.108702159052E+03  0.108605612557E+03
  0.108226955181E+03  0.107667281405E+03  0.107525419414E+03  0.107059844531E+03  0.106908407327E+03  0.106199359484E+03
  0.105809861950E+03  0.105602375058E+03  0.105409868531E+03  0.105026545354E+03  0.104728815938E+03  0.104613030554E+03
  0.104044261550E+03  0.103724743476E+03  0.103505281412E+03  0.103013685794E+03  0.102750270065E+03  0.102592259716E+03
  0.101966119873E+03  0.101394047228E+03  0.100959858222E+03  0.100397222458E+03  0.100127941003E+03  0.998430043675E+02
  0.995292783138E+02  0.990446923253E+02  0.987632704705E+02  0.985046522190E+02  0.983289105259E+02  0.978770776894E+02
  0.975734374166E+02  0.970780448712E+02  0.965878685549E+02  0.963276841632E+02  0.961480048030E+02  0.958970059833E+02
  0.955954604755E+02  0.953443649139E+02  0.949603567417E+02  0.945863099653E+02  0.944384295370E+02  0.938088026151E+02
  0.937207030773E+02  0.934054991329E+02  0.927357839852E+02  0.923611859073E+02  0.917432989870E+02  0.916622160399E+02
  0.912426513618E+02  0.911243505837E+02  0.907263127974E+02  0.907058643256E+02  0.900555422079E+02  0.898062856854E+02
  0.895896935903E+02  0.892456128149E+02  0.883640839969E+02  0.880491322632E+02  0.877333432056E+02  0.875767339152E+02
  0.873390104194E+02  0.870253177495E+02  0.866095752018E+02  0.864915650321E+02  0.860552346509E+02  0.858899605903E+02
  0.856516380901E+02  0.852116969655E+02  0.850301593718E+02  0.845179863890E+02  0.843773743103E+02  0.840127965962E+02
  0.839107814746E+02  0.833567299052E+02  0.831845894233E+02  0.828839877504E+02  0.826562219991E+02  0.823665935779E+02
  0.821184043482E+02  0.817003810911E+02  0.816285653541E+02  0.813827470838E+02  0.809943253909E+02  0.804782019174E+02
  0.804124559139E+02  0.800978023547E+02  0.797685416992E+02  0.793949659566E+02  0.788028642858E+02  0.787122220778E+02
  0.785029920718E+02  0.779067083471E+02  0.777939127403E+02  0.776395323951E+02  0.772742399957E+02  0.770103191640E+02
  0.767028642902E+02  0.763747932573E+02  0.762082023226E+02  0.758359427585E+02  0.754451634722E+02  0.754206539257E+02
  0.751608240854E+02  0.748851407389E+02  0.745253489855E+02  0.738978371836E+02  0.736642613402E+02  0.734508119891E+02
  0.731616526391E+02  0.727646002507E+02  0.725675219489E+02  0.723236077020E+02  0.719910351189E+02  0.717443845608E+02
  0.715056991161E+02  0.714188108718E+02  0.708372793577E+02  0.704280754234E+02  0.699511091072E+02  0.698259110135E+02
  0.697365448590E+02  0.692956477839E+02  0.689795836541E+02  0.689455052613E+02  0.684845673153E+02  0.683497388374E+02
  0.681913839801E+02  0.677608937426E+02  0.674975334585E+02  0.671981555762E+02  0.670991739731E+02  0.669146331283E+02
  0.667678752335E+02  0.663638496565E+02  0.660586740707E+02  0.659265472546E+02  0.652718905933E+02  0.651449655144E+02
  0.649033640685E+02  0.647442768490E+02  0.645298297921E+02  0.643347542600E+02  0.639015341915E+02  0.638183556491E+02
  0.633188920202E+02  0.630842027163E+02  0.628640289281E+02  0.626539245483E+02  0.622913601019E+02  0.618642362196E+02
  0.617113535996E+02  0.615346348657E+02  0.611086933439E+02  0.610702809701E+02  0.606230339065E+02  0.605163130598E+02
  0.603556857313E+02  0.600521135804E+02  0.599249911226E+02  0.595359318018E+02  0.593315420196E+02  0.590539504805E+02
  0.586908143699E+02  0.584385098475E+02  0.582543645724E+02  0.578571741786E+02  0.574356033116E+02  0.574172452927E+02
  0.570173712253E+02  0.568917126363E+02  0.566787660461E+02  0.564454932330E+02  0.561431793644E+02  0.556882814915E+02
  0.556185898110E+02  0.552404202608E+02  0.550309591626E+02  0.548396366149E+02  0.543021478836E+02  0.541302692630E+02
  0.536120249073E+02  0.532893376337E+02  0.531282888407E+02  0.529767457201E+02  0.524397895723E+02  0.523216054640E+02
  0.521122325231E+02  0.518261806093E+02  0.513232725989E+02  0.512951562393E+02  0.509505324237E+02  0.507092942835E+02
  0.504226916595E+02  0.501496439186E+02  0.498825340472E+02  0.496201113375E+02  0.493565481404E+02  0.490661942470E+02
  0.490378559440E+02  0.487752125417E+02  0.485039928661E+02  0.480404716664E+02  0.478106318840E+02  0.474917353680E+02
  0.473602673918E+02  0.468788974419E+02  0.467171099152E+02  0.462690707769E+02  0.462019353345E+02  0.460822427785E+02
  0.459256275790E+02  0.456288563151E+02  0.453762300219E+02  0.450778080950E+02  0.448218125403E+02  0.446816548411E+02
  0.443137136016E+02  0.441718910959E+02  0.437796254967E+02  0.435810096341E+02  0.434221841752E+02  0.428695594745E+02
  0.428279284684E+02  0.427268585628E+02  0.425448577581E+02  0.424772956225E+02  0.423621442749E+02  0.423296560235E+02
  0.418320631266E+02  0.417795688152E+02  0.416486085560E+02  0.412939033223E+02  0.412301456498E+02  0.410491390974E+02
  0.406860493928E+02  0.403915972037E+02  0.400783890150E+02  0.399524076907E+02  0.397315729967E+02  0.395768553485E+02
  0.393843402531E+02  0.391778789450E+02  0.389128073760E+02  0.388258839585E+02  0.385767430215E+02  0.382989098324E+02
  0.381447065564E+02  0.380484196093E+02  0.379322345206E+02  0.376314676441E+02  0.374903852628E+02  0.373929270995E+02
  0.371518797415E+02  0.370079747742E+02  0.368435968809E+02  0.366759929000E+02  0.365180686611E+02  0.363478748862E+02
  0.360965210208E+02  0.359846737397E+02  0.358169811209E+02  0.354804183047E+02  0.353483669904E+02  0.351407613258E+02
  0.347869922333E+02  0.346347744296E+02  0.344284007480E+02  0.342707184878E+02  0.340697761466E+02  0.339051082324E+02
  0.338394381335E+02  0.337453178475E+02  0.334938786150E+02  0.333506304990E+02  0.331814508630E+02  0.331082401959E+02
  0.330591720526E+02  0.327783164353E+02  0.326392603122E+02  0.322001047016E+02  0.321773782452E+02  0.320394080107E+02
  0.319511955957E+02  0.315296553938E+02  0.314335225283E+02  0.312233893252E+02  0.310028568188E+02  0.307147875288E+02
  0.306741589089E+02  0.304560325096E+02  0.303819570145E+02  0.302203509024E+02  0.299941755258E+02  0.297960514628E+02
  0.295224891048E+02  0.294004766739E+02  0.292683022535E+02  0.289142417317E+02  0.288301254405E+02  0.287502777661E+02
  0.285381907001E+02  0.282975140831E+02  0.281571405653E+02  0.279878174817E+02  0.279455291495E+02  0.276683933927E+02
  0.275708411959E+02  0.273824405704E+02  0.272201488154E+02  0.270344382073E+02  0.269934199072E+02  0.267540048043E+02
  0.267223949502E+02  0.265229598158E+02  0.261783464646E+02  0.260579841026E+02  0.259602134439E+02  0.257119569151E+02
  0.255275327732E+02  0.254541645018E+02  0.251613006877E+02  0.251130514932E+02  0.249447883544E+02  0.247285089019E+02
  0.246760643956E+02  0.244744681788E+02  0.243108798159E+02  0.241032293348E+02  0.238628514193E+02  0.236830234327E+02
  0.235703046552E+02  0.233128066523E+02  0.230171864530E+02  0.229238728755E+02  0.228261181312E+02  0.224376222695E+02
  0.223321424521E+02  0.221734298500E+02  0.221138247587E+02  0.217028254901E+02  0.215681336719E+02  0.213070986940E+02
  0.212607829774E+02  0.211366444644E+02  0.206157541919E+02  0.204027176193E+02  0.202280215006E+02  0.201504696372E+02
  0.198962203725E+02  0.195646550468E+02  0.195509589499E+02  0.193871724530E+02  0.191668701981E+02  0.188596899855E+02
  0.187191196389E+02  0.185302063794E+02  0.184327224773E+02  0.182325337105E+02  0.182153022961E+02  0.177631532582E+02
  0.176106307027E+02  0.173960616674E+02  0.171332157142E+02  0.169799125092E+02  0.167920769989E+02  0.166393102253E+02
  0.165179024244E+02  0.164349355973E+02  0.163614069958E+02  0.160595359639E+02  0.160167467636E+02  0.158961978062E+02
  0.158184018015E+02  0.157174258541E+02  0.156648944968E+02  0.154814246345E+02  0.153534107682E+02  0.152901965008E+02
  0.151289420283E+02  0.150005567541E+02  0.147840818160E+02  0.146813036617E+02  0.146141586221E+02  0.145638837043E+02
  0.144285940513E+02  0.143202778509E+02  0.142027796641E+02  0.140793322978E+02  0.139557869499E+02  0.138817154916E+02
  0.137607962779E+02  0.136580023806E+02  0.135855608851E+02  0.134510200167E+02  0.132453483994E+02  0.131887881139E+02
  0.130863385065E+02  0.129500363417E+02  0.129287243044E+02  0.127761829555E+02  0.126670484726E+02  0.125578329415E+02
  0.124356033170E+02  0.123359307685E+02  0.123189081597E+02  0.122575805490E+02  0.121314568092E+02  0.120916067665E+02
  0.118831475639E+02  0.118351508990E+02  0.117769235263E+02  0.116182531491E+02  0.115533425006E+02  0.115242527582E+02
  0.114665356017E+02  0.113998406380E+02  0.113139476335E+02  0.112444835940E+02  0.111371517174E+02  0.109709149486E+02
  0.109336195854E+02  0.108985040623E+02  0.107352830004E+02  0.106566491055E+02  0.105470815203E+02  0.104851164115E+02
  0.103632380686E+02  0.102823382436E+02  0.102191048301E+02  0.100955346183E+02  0.100711217110E+02  0.100066494254E+02
  0.995292451433E+01  0.991953626871E+01  0.983168187594E+01  0.978547103857E+01  0.968309190238E+01  0.964263509475E+01
  0.956735294583E+01  0.945241750729E+01  0.932938071553E+01  0.930879556707E+01  0.920655225626E+01  0.915326231805E+01
  0.911322102841E+01  0.906014921644E+01  0.898130052321E+01  0.894741602626E+01  0.882698272974E+01  0.874918776310E+01
  0.863522103685E+01  0.860381219683E+01  0.855841739596E+01  0.847725742041E+01  0.839732241281E+01  0.826534157331E+01
  0.824676941539E+01  0.818248626918E+01  0.811896197815E+01  0.803839654061E+01  0.794041256502E+01  0.784773960162E+01
  0.779641394200E+01  0.774492438104E+01  0.761173622169E+01  0.759134870601E+01  0.751045630126E+01  0.743652413448E+01
  0.740552429177E+01  0.735457425359E+01  0.722822095591E+01  0.719056252249E+01  0.715693408299E+01  0.709842210685E+01
  0.701501432912E+01  0.693727780889E+01  0.689044786318E+01  0.681358543791E+01  0.676815466730E+01  0.670489731552E+01
  0.667848156644E+01  0.657939891709E+01  0.655172290780E+01  0.649941977520E+01  0.647604561099E+01  0.643521882263E+01
  0.639124006289E+01  0.629394278756E+01  0.625278840251E+01  0.621383481235E+01  0.616309973610E+01  0.609968383434E+01
  0.606155227682E+01  0.600561142890E+01  0.598444138472E+01  0.595233952320E+01  0.593048252815E+01  0.591417406795E+01
  0.582419305539E+01  0.579512524339E+01  0.574028886790E+01  0.567548292632E+01  0.565028825485E+01  0.562527660990E+01
  0.558458621763E+01  0.553110903890E+01  0.544724268153E+01  0.541817369926E+01  0.536805685452E+01  0.534463148380E+01
  0.530798389666E+01  0.526470787458E+01  0.519720650330E+01  0.514660629349E+01  0.510423075002E+01  0.504826102220E+01
  0.501386137455E+01  0.498794842273E+01  0.492022564859E+01  0.489167468056E+01  0.487723650483E+01  0.478055558618E+01
  0.477397320663E+01  0.474410930869E+01  0.464346999901E+01  0.460333768694E+01  0.459397396413E+01  0.457367958163E+01
  0.454236296554E+01  0.447096118883E+01  0.443827565770E+01  0.437517599053E+01  0.434487227474E+01  0.427414746455E+01
  0.423032371691E+01  0.413872988637E+01  0.413194417036E+01  0.410250784927E+01  0.402384412397E+01  0.396687971104E+01
  0.392397614477E+01  0.389681022140E+01  0.387620417300E+01  0.383829362978E+01  0.380996104227E+01  0.374709391632E+01
  0.373371717382E+01  0.368446280680E+01  0.367774292375E+01  0.362055802533E+01  0.358385077147E+01  0.353078508500E+01
  0.347955304525E+01  0.342891427933E+01  0.341908181229E+01  0.338993374600E+01  0.334084239205E+01  0.332704335445E+01
  0.328414975444E+01  0.326710392025E+01  0.324513073126E+01  0.317579533845E+01  0.316826716126E+01  0.314543971860E+01
  0.311550826575E+01  0.309153118089E+01  0.304047424141E+01  0.301695313577E+01  0.299377499972E+01  0.296753004133E+01
  0.294226585329E+01  0.292465679013E+01  0.279706086425E+01  0.278662836971E+01  0.276514646696E+01  0.272386030261E+01
  0.268071486079E+01  0.266190711442E+01  0.260220456253E+01  0.259744377273E+01  0.257294544243E+01  0.253692975163E+01
  0.250288024529E+01  0.249108728576E+01  0.246443725629E+01  0.241136451733E+01  0.238598976082E+01  0.235260680074E+01
  0.232793909869E+01  0.231107420361E+01  0.225989033023E+01  0.224456682783E+01  0.221185992784E+01  0.220659598659E+01
  0.216231721073E+01  0.213240207287E+01  0.208187345165E+01  0.207093508594E+01  0.204704987232E+01  0.202988502141E+01
  0.200014294832E+01  0.196287190831E+01  0.192402251930E+01  0.191471837064E+01  0.185894908451E+01  0.184118545136E+01
  0.182520713794E+01  0.177482022774E+01  0.173564220884E+01  0.169580293162E+01  0.169068942328E+01  0.167627745409E+01
  0.165251022889E+01  0.164308140988E+01  0.160768800938E+01  0.159110409501E+01  0.155288506280E+01  0.153443515769E+01
  0.152697680471E+01  0.148914714149E+01  0.148562287328E+01  0.147465635753E+01  0.143064424784E+01  0.139510619477E+01
  0.138484804287E+01  0.134697826004E+01  0.132284621337E+01  0.129650251473E+01  0.128344667159E+01  0.128078614641E+01
  0.124865475558E+01  0.122480880268E+01  0.121361512601E+01  0.118656279288E+01  0.116509700514E+01  0.115122095031E+01
  0.112991223278E+01  0.111057493612E+01  0.108340840360E+01  0.105448668848E+01  0.104094043966E+01  0.101863659386E+01
  0.999352208561E+00  0.967385392717E+00  0.944259936075E+00  0.921835599133E+00  0.917099741850E+00  0.873135648340E+00
  0.867357417423E+00  0.828138708195E+00  0.813659566314E+00  0.787730128213E+00  0.763494086895E+00  0.738279894283E+00
  0.717809257455E+00  0.699984455050E+00  0.692501086557E+00  0.675625416758E+00  0.649364962533E+00  0.645517710620E+00
  0.633729221178E+00  0.620627419796E+00  0.611960398334E+00  0.594330121240E+00  0.574325487912E+00  0.563378318652E+00
  0.548781733436E+00  0.532510334946E+00  0.517248156590E+00  0.511715696005E+00  0.490185924163E+00  0.483221091054E+00
  0.476209089818E+00  0.466489031773E+00  0.455497113369E+00  0.442663082395E+00  0.429717988678E+00  0.407406480522E+00
  0.399437546954E+00  0.388742281169E+00  0.376770523444E+00  0.370244675593E+00  0.354649674204E+00  0.347769071547E+00
  0.343180558354E+00  0.328071411737E+00  0.318431848926E+00  0.307527922524E+00  0.294057000270E+00  0.289268537013E+00
  0.269593550053E+00  0.263976350377E+00  0.257868852538E+00  0.251237420143E+00  0.231411285333E+00  0.227041819077E+00
  0.218517308065E+00  0.200257146551E+00  0.190026044580E+00  0.185882629308E+00  0.176850656772E+00  0.164811168583E+00
  0.160364205674E+00  0.152835754888E+00  0.149129044364E+00  0.143346575581E+00  0.136938892764E+00  0.122232049306E+00
  0.114601278216E+00  0.106244909516E+00  0.100462852064E+00  0.969482297535E-01  0.882654907803E-01  0.846587154084E-01
  0.818355883052E-01  0.766655244685E-01  0.711016515414E-01  0.686872341945E-01  0.669781507053E-01  0.637151119432E-01
  0.602095385486E-01  0.569480194655E-01  0.522934802727E-01  0.493300971784E-01  0.445752283720E-01  0.425563837785E-01
  0.388838204742E-01  0.341881338409E-01  0.329745865541E-01  0.324633021914E-01  0.296398565711E-01  0.273126425376E-01
  0.255385252286E-01  0.235065975486E-01  0.220802506006E-01  0.190671589027E-01  0.174811217738E-01  0.157800154797E-01
  0.118533645735E-01  0.788250701914E-02  0.522567315890E-02  0.298373323923E-02  0.139434306923E-02  0.109802881948E-02
